powerlaw,1.3411088915379294,28.320654428184774,35.6793455750062
burr,3781.547180286363,2.0425046203974366,-16578.848015763935,16591.22057533248
fisk,1.779121939849185,89.58051503520448,26.493520022341983
foldcauchy,6.884392510376103,0.06599999988597223,0.03218590124994779
dgamma,2.453344193334768,46.32762410709796,3.3217114390779416
foldcauchy,5.247173051673396,-2.9654651049325628e-08,1.0219019380759304
foldcauchy,3.2970103445132324,0.9999999975963435,1.8666987998215578
dgamma,2.5274984762883825,3.508297278910619,0.7711668955742005
rayleigh,28.550604779458638,23.51847348067806
gennorm,0.28535883558307557,1.0,0.0011118243698719802
mielke,1.2476138599602398,11894.955408550984,3.7752211758541185,18.235866032643237
rdist,0.9986562341113487,1.495481491997549,1.5045185080024512
dgamma,2.4845869174146444,1.5858125072079252,0.39673879585691574
powerlaw,1.4251772361999495,35.761977231174086,44.2380227694684
