dweibull,2.0053671290346404,42.48860109324019,9.379084725568571
laplace,20.259452768116017,4.607142883899354
dgamma,1.917775811028898,143.08360655609937,11.962035814213294
cauchy,0.1835429708957672,0.038731541299819934
dgamma,2.2796724234517685,41.65885435775176,3.0293700744828014
tukeylambda,1.0731111104240174,5.999758910805037,5.3658142676138745
gausshyper,3.4159455416429694,0.35876319760081743,-10.157799785688292,-0.5602412295458093,0.002737005727373055,10.997262994272628
uniform,0.0,7.0
laplace,69.22401886888647,13.142856777569131
exponnorm,3.1005267152981526,0.918074036790465,0.6599532276912308
gumbel_l,12.357379056206202,4.426027022883336
genpareto,-0.8187136799997332,-7.60058870146445e-11,4.175508421624105
recipinvgauss,3039748.3430751637,-1.2748450785347892e-13,0.8474894648136853
foldcauchy,8.421717130105321,-0.04288613306412742,7.063845867660888
