dweibull,1.6398735833985125,48.53800325872251,12.863829953526157
dgamma,2.4559301997138787,20.206960615816797,2.1370922676934296
johnsonsb,0.3125172063301781,0.49184857346290106,77.65053268210016,115.59901230710078
kstwobign,-0.09917510606059454,0.40967019462331467
dgamma,2.5925561223867457,45.23388450812733,4.426028997855841
exponpow,0.793777601509537,0.9999999999999999,6.25279972485467
dweibull,0.8194300544709625,6.999999999999998,1.6723057645093884
tukeylambda,1.378942296496667,3.5004806901758014,3.4480185852685876
invweibull,136749480.8616626,-2085975787.2411075,2085975828.6765063
lomax,1.9871197970303718,-1.5547595303249086e-09,0.669063719424388
johnsonsu,-0.6600912983192473,1.4972743869599618,6.543833622878291,6.5030711954879585
cauchy,1.0816816652099077,0.520219858274322
hypsecant,1.0718487199864568,0.5923837269377196
dgamma,2.4273835854083257,62.08427431912819,5.579345008700287
