beta,2.3620242415007944,1.5060787077456879,21.94639142247281,45.79622858220419
burr,14.708755354095782,0.2669618893927057,-0.10597629198845393,27.03354561746044
genhalflogistic,0.3386791984123769,96.99999978975362,48.62222911454681
kstwobign,-0.07663385509307097,0.3128814668813295
johnsonsu,10.076548611604295,3.0560548994889505,74.45898390047557,1.9058395799510208
dweibull,1.9459314422131961,3.6551946013725276,1.772059683579228
triang,0.4862041228652739,0.6364482604749075,17.201729347964324
dgamma,2.115067350689566,3.5323838956760074,0.8754825583767496
dweibull,1.5006369356180689,59.97627341236077,14.116048456748722
cauchy,1.2677672730635083,0.6569426220830787
mielke,1.4727177634841504,8.143755202457909,-0.5227575676713945,16.89259029970613
loglaplace,0.8123602682704121,-4.356451696743475e-24,0.9940776664894324
gumbel_r,0.8775011365531885,1.1339618354393157
loglaplace,6.452073898177135,-0.17306441958784582,62.173064406071305
