fisk,1.9494181061125764,21.07931680525636,9.414166866236615
dgamma,1.7896953943190308,18.301623602813194,2.195566594780338
johnsonsu,-0.6716774129996881,0.6998743279828066,97.74907582719169,6.077630212687177
gausshyper,0.45412167904393197,6.7496978644084145,-21.84130555287299,0.5440967225843427,0.028999999999999998,0.30201155232128435
exponnorm,3.962512810637424,22.177085247639603,2.5070218226536767
exponpow,0.6430243424324183,-1.3861254822818074e-28,5.511020016701412
mielke,0.918961199259889,6.530111269174203,0.9999999999999967,8.255921354467555
vonmises_line,0.4502597886059089,5.999999508015845,1.591549605626277
exponnorm,2.49312626119847,29.87478885264715,5.888481340644512
vonmises_line,1.4373517656260666,1.2953095053478627,1.1792396669935876
laplace,7.999999967712794,3.1852229995849566
recipinvgauss,6046409.865173037,-4.60806284742329e-14,1.0467258380824018
gausshyper,0.710107194830921,2.6011667180009006,1.8049726768461918,1.3519809787508232,-2.282955743795538e-31,5.121406341729906
foldcauchy,1.5963028946499376,25.999999979508424,5.9315721427715005
