laplace,14.329999835706213,1.4165962346217467
laplace,4.669999982857521,1.0909876013922444
vonmises_line,0.2099020855847405,36.30000000919913,2.0053522922119518
burr,14.538020602064085,0.11387263767300589,0.014823235520603332,0.09521329799751578
mielke,8.358101352389607,21.329757349283906,-0.10035051019717672,14.368528713614154
johnsonsu,-0.6754802484676561,1.50443382538083,1.0562955579589048,0.8313743687299144
tukeylambda,1.1145845435061423,2.165007201763923,1.2984990201594213
foldcauchy,2.3140296442964123,-2.920587993995034e-09,0.3721309832661599
genhalflogistic,0.48475199268438973,10.999999999360263,6.042840112550186
genpareto,-0.3108465894496203,-2.3918272135981217e-09,0.41233790015918226
dweibull,1.5746825199874679,3.777581247529353,1.2974016811033726
gengamma,0.3720451175987246,1.6267731475944769,-1.2256516131135416e-31,1.095307256532682
gennorm,0.5291666348565658,0.329999999852138,0.08174360808134382
powerlaw,1.8536647366556787,11.681243024658873,9.31875700448797
