foldcauchy,4.775348996779093,8.999999984575972,0.7705724151235773
mielke,2.526059803448467,8.35312146425824,1.6167322137766686,5.20150618443822
beta,2.9857951693486213,1.368802261087399,21.366414385394403,26.091172883841864
johnsonsu,-0.5206782839263,1.315480134961403,0.03848555508154311,0.02567341429554485
laplace,11.750000046312387,1.2041312517756477
triang,0.14969247738554764,0.07115423115188713,4.000506140233473
loglaplace,2.5268711411147677,-0.0013541104603846453,1.33135411420798
semicircular,1.0047389944441054,1.0905121099642892
dgamma,1.9743038552467,19.52032484835117,1.4733813842665262
exponnorm,3.364771295222583,0.24463516445926697,0.17683482900826375
dweibull,1.411766409193013,2.7536271695458803,1.0775494923052533
dgamma,2.1810731336224674,0.5844564073955554,0.16753176548223223
exponnorm,5091.413903558818,-0.00020282254362335875,5.358425807847766e-05
beta,1.6806655508455346,0.7236719244362813,9.392934066269962,9.60706593373004
