burr,26.973813089202267,0.1505688088158348,2.3710776730142937,12.719296393601937
dweibull,1.4652500874528203,5.895497652592352,1.3909275173752644
johnsonsb,0.021359735011360848,0.6882112715971311,28.070982941505086,20.87077979614709
johnsonsu,-0.6298164474030736,0.8197074312030797,0.035012057715403895,0.00929119005495661
dgamma,1.8446549980152722,11.819082195664901,0.8466793546277281
exponnorm,3.171670244258717,0.6493698321307488,0.2524295560932943
dweibull,0.9446995363416097,2.670000000000001,0.6813843655001979
dweibull,2.167566800111749,1.017568426343793,0.6297521284866952
johnsonsb,-0.3915584658374403,0.68771635274378,7.611686204963272,14.984403586503765
tukeylambda,1.0995965695865157,0.500000182812081,0.5497984858127958
truncexpon,1.064981266914188,1.3299974119775504,4.385056973094125
fatiguelife,0.8658730839842746,-0.11022248740059826,0.3991697593383258
exponnorm,4349.172657471143,-0.00024167810476004677,6.717934842649237e-05
dweibull,1.5898226053909916,16.114149548844043,2.672666151486057
