loglaplace,426901.5915468705,-751933.6904347753,751947.4404129663
mielke,1.202778058467199,6.357926077132121,3.2939572269777275,3.7253632213321195
foldcauchy,2.8444258124465147,25.99432538869766,2.8546599046285515
johnsonsu,-0.5471988650141528,1.0623906091480586,0.049443132143705444,0.022797760157466533
powerlognorm,3.569409065723762,0.006474637231807651,-456.6758657405288,472.31762695884777
dweibull,1.0880973555940552,1.1436422679300264,0.6832513394461852
maxwell,0.5397386055742939,0.9285920215741081
semicircular,1.1324867688434095,0.9560005174625054
gennorm,0.8141333584124093,13.32999999990493,1.4191003971057037
gilbrat,-0.03867581725271682,0.1265623167339466
beta,2.260178116425948,2.0009713091707892,-0.5939853511295894,6.271007500157726
t,2.4814782484995117,0.3726438971806972,0.22226750591856928
dgamma,0.27526604234940877,0.32999999999999996,0.30265478687076264
mielke,5.454681395326389,21.714422244392214,-0.17538594616397377,19.161470546128157
