dweibull,1.4341476257415264,13.226699547615187,1.6928937264191548
dgamma,2.3174735309426886,5.603175323898627,0.5011616102060712
rdist,1.0033826716430227,28.37936569869501,11.620634301304992
wald,0.015634256782858565,0.04536124298174221
foldcauchy,5.15904016265333,7.99379434155118,0.8109588851192022
dgamma,2.6543863643041803,0.8736975106404405,0.16760369685894028
ncx2,0.009315432138844126,21.271655422935908,0.10402011186885884,0.10611741626948068
johnsonsb,-0.02213937077415895,0.8683689509413712,-0.12423842740080404,2.2607115141205636
mielke,10.015693072050121,9.799800359554865,-0.10723469698792251,16.436090959568325
laplace,0.33000021849495764,0.26313421501455714
foldcauchy,4.060876080746402,-6.410628998603777e-10,0.6753368681169081
foldnorm,0.01541695736123275,-1.057566932367452e-11,0.515969918973695
invgamma,3.1508397248213678,-0.26988840432381,1.5551980343028902
johnsonsu,-0.41069007834115423,1.4174376120164769,15.072250589899086,2.544464769605876
