exponnorm,2.7554704544130386,8.199102662515191,0.7484631591992759
cauchy,5.786081326393468,0.547061072409393
laplace,33.67000000932397,3.1967153084846407
hypsecant,0.036212027090567145,0.012666551933568991
cauchy,9.118849116884437,1.0072097009998604
recipinvgauss,0.1611602550966384,-0.7073514147310666,0.22637718455981065
dweibull,1.669870661557278,1.554390402136995,0.6164685303136903
laplace,1.999999702622716,0.6680763103357243
dgamma,1.6087444400467465,13.38304978208723,1.6641281443183797
fatiguelife,0.6773060334706106,-0.18726920787027945,0.5162782835972175
dgamma,1.908994066291565,2.2843497585932413,0.5276070368225694
recipinvgauss,428948.81160092936,-2.7152704177960136e-12,0.34074896467966576
recipinvgauss,1052423.767440367,-1.9895073921441977e-13,0.26374108540532937
foldcauchy,2.5769229055287513,8.669999975342943,1.352299501688802
