gompertz,0.06726136628158016,7.599999973260443,2.405060313521884
vonmises_line,1.0811048665265763,5.118932291646935,1.0221145974316204
dweibull,1.5729243328333389,36.34207005384653,5.233050122520418
dgamma,2.0361211858853263,0.05720362238383049,0.012004818759949323
beta,2.8250253508791188,1.7698004579129731,4.955552777776475,12.077732173193075
dgamma,2.31090686893777,1.1326798219372052,0.2444216507298726
genpareto,-1.2137789267604004,-0.010676270053824767,3.253748366058005
genexpon,4.268485924337527,12.738470497820629,9.477022963882748,0.19999999972406748,9.242477349966542
gennorm,13.559265813652111,18.04587819770307,7.050691188896964
gausshyper,0.7179450794782269,1.7244661499459655,1.5556958760894994,1.344320120547958,-2.1217189001916225e-31,1.5466288678888593
mielke,2.001435918818234,8.443425282977927,-0.2975728019624655,3.560414416460757
chi,0.6028476453249539,-5.627382150985979e-31,0.8976693731712775
gilbrat,-0.01562975041541776,0.046167162541853796
triang,0.8298241993297742,8.929408249583366,11.834544863974884
