burr,10.908407214580661,0.5249954618539499,0.0026720283236863485,11.862862304712063
burr,28.221195415546816,0.04351681226076361,2.6247514342326532,3.890886791851254
genextreme,0.7279355176179068,34.99316119912194,5.792054294085264
fisk,2.5110106648178045,0.01217064610084009,0.02758481108717045
dweibull,1.4819232097176567,10.215605177243809,1.8867113401282982
bradford,5.07205950264985,0.3299999999951898,1.9566392615128663
dgamma,1.792531764580098,1.8443020270083952,0.264563759130207
triang,0.3058094230922519,-0.10391138707788608,4.427303620441757
triang,0.7043045824862135,5.138199142464936,19.212995634708474
genlogistic,0.35855540183683665,0.6738569159929343,0.09571180311655693
gennorm,0.38995306211685987,3.329999999990748,0.06356499509062455
ncx2,1.8690859544350085,0.8964254538712773,-1.0462686305408917e-30,0.19199538085230133
gausshyper,0.45490192237673976,1.4525034188445871,3.1053289571032963,1.539637578425019,-4.470903938480372e-32,1.1361366067283347
dweibull,1.2841889335037266,13.963755406523253,2.2979126926136133
