beta,1.6877880458576504,1.442316513120908,16.867772458892777,57.24435438374725
johnsonsb,-0.12207109102181954,0.8983750969820924,6.775005897052483,26.76936276421564
tukeylambda,1.1963565302368289,138.49983526647407,62.80891491746408
gumbel_r,0.14377348639548548,0.0800040489995505
johnsonsb,-0.35127457382392946,0.8952415725776225,10.86401922885824,57.270673811668246
exponpow,0.6161201979941133,1.9999999999999998,6.5024368268602135
dgamma,2.69337741840431,9.491978390991102,1.0738532857929912
gompertz,0.21145165557784307,-6.842262765988499e-07,2.892487533531092
dgamma,5.4927553969632505,61.82469162816297,3.563135275950839
dweibull,1.7574291226370058,1.722507603506311,1.3504001854491063
bradford,0.4109082025052576,3.999982670917267,20.000090065369506
dgamma,2.6857653946452062,1.5396661961655442,0.3877439370256258
gausshyper,0.5531694457713319,2.600165083234174,1.704459355390328,1.2680394877409076,-4.770419122880277e-30,7.268635230544332
johnsonsb,-0.10883665102280111,0.8487549398777237,22.387097727551414,73.31832963738388
