dgamma,2.532347226996486,48.68327041663002,3.807877786371102
dweibull,2.1728986559799317,20.16341793446732,6.566920841278847
exponnorm,4.129987008222313,98.55767325642717,10.717638358240345
loglaplace,5.201417565998671,-0.13066450072275204,0.328456943159559
genhalflogistic,0.3423267582677306,27.999999999993783,19.53335528079166
triang,0.33066818271654796,-0.5847977793917527,10.84107282928727
gausshyper,0.29756047866347657,2.521188151071713,-3.1055100844123418,3.7189227409141004,-1.3859467910333184e-29,12.506610860020256
tukeylambda,1.0594656671387122,3.9999816126718843,3.1784164821590073
dgamma,1.8424556291785246,63.13256329961943,9.628778987087799
chi,0.4858497282435904,-5.510610318493359e-28,2.565046359066275
dweibull,0.8621425230395814,7.999999999999999,3.8126053877524804
bradford,1.9149300579612358,-0.00011831758613505428,5.000121991749495
pareto,3.1315084013241927,-0.7905855926706965,0.7905855924193074
beta,1.2437611026836928,0.8690467135975596,32.9599589908973,45.04004100910271
