johnsonsb,-0.0019691702679505373,0.6279210270783057,17.02828015277717,48.97416589486079
dweibull,1.5264206409426126,18.802759719057207,5.969729181062375
triang,0.3650158309903785,60.6184204485634,162.68220309273514
truncexpon,0.735605437285012,0.06699980873994826,0.3167463305638108
gausshyper,1.211957283909424,0.9098501664287012,0.9121796010730658,0.78130377670147,17.84118367870308,41.15881632129693
triang,0.08376986446064563,0.0024578239999496036,11.908135408425188
vonmises_line,0.439971794193567,7.000000620661399,1.5915502529292131
burr,14.072796527454756,0.067137343634502,0.9999999999945063,9.95326373369522
gumbel_r,50.61645758640907,18.640383669423237
dgamma,0.41906850785118205,1.9999999999999998,0.7670815007111516
burr,4.77204276585908,0.27963204646789797,1.6670759132696134,16.83449327061969
foldnorm,0.02908198388653275,-5.393869193366554e-10,2.541253292247914
halfgennorm,0.2887652972806808,-1.191279707980931e-20,0.002647067105731411
johnsonsb,0.02630496643792434,0.6089972364647178,23.97676577153159,60.314233791946094
