34,62,58,44,52,44,29,34,56,41,43,56,63,52,43,50,36,45,48,61,52,48,41,60,57,64,49,60,37
6,19,18,13,14,14,22,18,26,11,3,22,25,31,13,25,15,15,13,15,18,10,15,16,29,25,14,15,10
92,149,156,110,120,106,106,103,162,103,105,147,161,166,108,166,95,100,121,145,111,112,94,133,213,154,110,123,95
.304,.289,.256,.282,.317,.283,.066,.155,.185,.291,.381,.231,.236,.127,.278,.151,.221,.300,.289,.317,.306,.339,.277,.331,.131,.253,.318,.366,.284
32,58,53,42,49,40,25,33,52,41,40,54,62,49,37,45,34,41,44,57,49,43,39,58,54,62,48,56,35
6,5,5,2,7,3,2,5,11,5,8,5,5,7,10,6,2,10,6,6,6,2,4,6,6,5,5,5,0
10,9,8,8,13,7,3,7,9,6,8,6,13,13,4,4,10,9,4,13,9,1,6,5,7,7,4,7,6
0,5,6,2,5,2,5,2,4,3,2,2,6,5,1,4,7,2,3,1,1,3,2,4,8,8,2,1,8
46,81,76,43,63,41,38,43,65,48,54,51,59,69,59,84,37,50,63,65,51,53,39,62,113,71,58,46,33
2,1,0,1,2,0,1,0,1,1,0,3,3,1,0,1,0,1,1,3,1,3,1,1,0,1,2,1,0
4,22,20,14,16,22,10,9,10,14,20,22,16,6,10,18,10,14,14,20,8,8,9,8,21,20,14,17,12
0,2,3,0,0,0,3,0,3,2,0,2,1,2,1,2,1,3,3,1,0,1,2,2,3,0,2,2,1
2,2,4,1,4,0,3,1,2,2,1,1,2,3,1,4,1,0,0,1,2,1,1,4,2,3,1,1,1
44.0,79.0,73.0,54.0,69.0,58.0,37.0,43.5,73.0,54.0,61.0,75.0,79.0,63.0,58.0,66.0,43.0,63.0,62.0,80.0,63.0,57.0,50.5,71.0,73.5,80.0,63.0,74.5,43.0

